6332,
6335,
6337,
6338,
6639,
6640,
6643,
6644,
6648,
6342,
6343,
6344,
6650,
6346,
6347,
6652,
6654,
6355,
6357,
6358,
6360,
6361,
6657,
6363,
6365,
6366,
6658,
6370,
6667,
6670,
6671,
6672,
6376,
6378,
6676,
6683,
6386,
6388,
6685,
6389,
6390,
6686,
6394,
6395,
6687,
6688,
6692,
6693,
6695,
6696,
6401,
6698,
6699,
6407,
6702,
6705,
6409,
6706,
6411,
6708,
6414,
6709,
6419,
6713,
6715,
6422,
6425,
6717,
6430,
6722,
6723,
6724,
6438,
6443,
6727,
6730,
6451,
6453,
6733,
6738,
6740,
6741,
6742,
6464,
6743,
6470,
6746,
6471,
6748,
6750,
6751,
6474,
6754,
6480,
6481,
6482,
6483,
6484,
6762,
6487,
6765,
6489,
6490,
6494,
6769,
6497,
6499,
6772,
6774,
6502,
6503,
6775,
6508,
6509,
6511,
3873,
6514,
6515,
6779,
6517,
6781,
6784,
6785,
6527,
6528,
6786,
6529,
6787,
6788,
6532,
6533,
6789,
6534,
6535,
6791,
6545,
6792,
6795,
6797,
6554,
6560,
6803,
6561,
6563,
6567,
6807,
6568,
6809,
6810,
6572,
6818,
6578,
6820,
6821,
6585,
6822,
6587,
6588,
6823,
6589,
6594,
6829,
6831,
6832,
6598,
6599,
6834,
6602,
6840,
6604,
6608,
6610,
6611,
6613,
6846,
6616,
6851,
6622,
6854,
6628,
6630,
6631,
6862,