9028,
9031,
9034,
9036,
9039,
9042,
9043,
9044,
9045,
9047,
9052,
373,
9057,
9058,
9059,
9060,
9061,
9064,
9066,
532,
9068,
9072,
9073,
9074,
9079,
9081,
9086,
9088,
9090,
9092,
9093,
9095,
9096,
9097,
9100,
9101,
8657,
9102,
9103,
9104,
9106,
9108,
9117,
9118,
9121,
9122,
9124,
9126,
9127,
9130,
9131,
9132,
9133,
1371,
9135,
9138,
9139,
9143,
9144,
9146,
9147,
9149,
9150,
9151,
9152,
9153,
9155,
9156,
9157,
9159,
9160,
9161,
9162,
9165,
1795,
9166,
9169,
9170,
9171,
9172,
9174,
9175,
9176,
9178,
9182,
9183,
9184,
9187,
9189,
9194,
9195,
9197,
9199,
9201,
9202,
9206,
9207,
9208,
9210,
9217,
9219,
9220,
9222,
9223,
9293,
9224,
9225,
9231,
9235,
9239,
9242,
9245,
9246,
9247,
9250,
9251,
9255,
9258,
9260,
9261,
9262,
9265,
9267,
9269,
9270,
9273,
9274,
9275,
9276,
9279,
9282,
6745,
9307,
9309,
9311,
9312,
3483,
3519,
9320,
9321,
9324,
9326,
9327,
9328,
9329,
9338,
9340,
9343,
9347,
9348,
9349,
9350,
9351,
9353,
9356,
9357,
9358,
9360,
9363,
3878,
9368,
9369,
9370,
9375,
9377,
9378,
9380,
9383,
9384,
9385,
9386,
4253,
9391,
9392,
9394,
4341,
9397,
9398,
9408,
9409,
9410,
9411,
9414,
9415,
9427,
9428,
9431,
9433,
9434,
9436,
9438,
9439,
9441,
4975,
9447,
9450,
9451,
9453,
9456,
9460,
9462,
9463,
9465,
9467,
9469,
9470,
9472,
9473,
9474,
9475,
9476,
9480,
9483,
9486,
9491,
9494,
9495,
9500,
9501,
9505,
9506,
9507,
9508,
9509,
9510,
9513,
9514,
9516,
9517,
9519,
9521,
5891,
9522,
9524,
9525,
9526,
9527,
9531,
9532,
9534,
9535,
9536,
9537,
9540,
9546,
9552,
9554,
6291,
9556,
9557,
9559,
9560,
9562,
9564,
9565,
9568,
9573,
9575,
9579,
9582,
9583,
9584,
9587,
9588,
9591,
9592,
9598,
9599,
9601,
9602,
9605,
9606,
9613,
9615,
9616,
9621,
9626,
9627,
9629,
9632,
9634,
9635,
9639,
9647,
9652,
9660,
9029,
9662,
9665,
9671,
9673,
9676,
9677,
9679,
9680,
9683,
9684,
9687,
9688,
9689,
9695,
9703,
9704,
9706,
9711,
9712,
9715,
9716,
8575,
9717,
8586,
9720,
9721,
9726,
9727,
9729,
9731,
9732,
9733,
9736,
9738,
9739,
9748,
9749,