12320,
11671,
11283,
11280,
9893,
11617,
11217,
11504,
9974,
9978,
10473,
11143,
9909,
11119,
10835,
10383,
10942,
11076,
10469,
10909,
10485,
11485,
10886,
11313,
11196,
10646,
11357,
11475,
9857,
10405,
11295,
10612,
11353,
10368,
10577,
10648,
11676,
10604,
10432,
11868,
10973,
11658,
10273,
10270,
11316,
11545,
11480,
11578,
10711,
9856,
11607,
10982,
11096,
10527,
9848,
11164,
10402,
9964,
12121,
10745,
10463,
10453,
11100,
11822,
11079,
10357,
11959,
11182,
10986,
10310,
11053,
10459,
10728,
11752,
11734,
10275,
11117,
10201,
10716,
11176,
10276,
11229,
11095,
9875,
11403,
11374,
9915,
10960,
12307,
12344,
11020,
10939,
11708,
10855,
12120,
12465,
12130,
11198,
9815,
10775,
11059,
11749,
9899,
10171,
11373,
11686,
10906,
11297,
11645,
11384,
11427,
11615,
11267,
10510,
9873,
11017,
12299,
11222,
10706,
11190,
12326,
9812,
11748,
11296,
10922,
10430,
10189,
11243,
10392,
10032,
11120,
9976,
11130,
10963,
11862,
11597,
11563,
12100,
11476,
10387,
11501,
9851,
10195,
10437,
10772,
12237,
10330,
11717,
11442,
11274,
11567,
11175,
10391,
11258,
11202,
10271,
11010,
11632,
11271,
12351,
11660,
10824,
11496,
10471,
11688,
11150,
10924,
10925,
11333,
11031,
10492,
11089,
10762,
9850,
10199,
9969,
10338,
10394,
11019,
9840,
12136,
11329,
11165,
11396,
11519,
11460,
10777,
12183,
10937,
10884,
11684,
9896,
9769,
10618,
11482,
11057,
11411,
10286,
12385,
10749,
11881,
9934,
11506,
10588,
11793,
10521,
11320,
12077,
11438,
9963,
11505,
12111,
11146,
10934,
11379,
11184,
11174,
11592,
10885,
11835,
10867,
10735,
10941,
10931,
9971,
11444,
11376,
11203,
11509,
10599,
11634,
10540,
11586,
9983,
11339,
10280,
11727,
11051,
10796,
11000,
10312,
12208,
10594,
12345,
10863,
11543,
10739,
11910,
11364,
11132,
11140,
10518,
10559,
11399,
11668,
10477,
11624,
10480,
10920,
10246,
10219,
10351,
10408,
9959,
9937,
11249,
10932,
10811,
11158,
9927,
11206,
10364,
9801,
11025,
10602,
11105,
10257,
9972,
11127,
11572,
10977,
11541,
10619,
11720,
10727,
9777,
11739,
10355,
11299,
11270,
11847,
11924,
10374,
10361,
10597,
11691,
11419,
11746,
11750,
11314,
10817,
10916,
10877,
11622,
10715,
11457,
10848,
10230,
9765,
11423,
11702,
11063,
11633,
9908,
10805,
10502,
11193,
11703,
11220,
11564,
10268,
9952,
11486,
9819,
11527,
10356,
12083,
11722,
10366,
10766,
12411,
11421,
12161,
11402,
10377,
9836,
11263,
10532,
12124,
10371,
10443,
10340,
11523,
10899,
10401,
11302,
10519,
9987,
11795,
11580,
11941,
12494,
10647,
10321,
10658,
9834,
10575,
11214,
11672,
10943,
10537,
11056,
11654,
10272,
12198,
10771,
11346,
10581,
11679,
10793,
11092,
10642,
11309,
11608,
10865,
10486,
10243,
10004,
11027,
10229,
11451,
10614,
11626,
11169,
12214,
10831,
11323,
9947,
10440,
10852,
10290,
11425,
11069,
11122,
11623,
9912,
11370,
11391,
11279,
11022,
10467,
11009,
10794,
11742,
10434,
10501,
10395,
11104,
10632,
9925,
10724,
10386,
12206,
9821,
11649,
10809,
11004,
10878,
11758,
11047,
11815,
10672,
9778,
11539,
11024,
10396,
10609,
12292,
11458,
12502,
9984,
10860,
11711,
10433,
11558,
11445,
10710,
11285,
10587,
11194,
12263,
12222,
10827,
11673,
11281,
11398,
11590,
12163,
11066,
9878,
10636,
9822,
11078,
9827,
11318,
10987,
11723,
11656,
10412,
11533,
10847,
11359,
11683,
10754,
10478,
10915,
11234,
11332,
10409,
11368,
11704,
10334,
10329,
11568,
11282,
10294,
9926,
11488,
10426,
10472,
11992,
11088,
12503,
9780,
10873,
11111,
10248,
11061,
11074,
11084,
11462,
11361,
10797,
10241,
11248,
10755,
11055,
10483,
11528,
10756,
12423,
11400,
10837,
11514,
10331,
10546,
11162,
11594,
10249,
11596,
10517,
9787,
10493,
10431,
10807,
10957,
11086,
11347,
11014,
11362,
10425,
10828,
11216,
11289,
11974,
11573,
12011,
10747,
10767,
12179,
11099,
11680,
12178,
10529,
10317,
10541,
11161,
9982,
11032,
11582,
11598,
10328,
12088,
9761,
10224,
10970,
11922,
10752,
10661,
11629,
11392,
12192,
10872,
9996,
10404,
10820,
10397,
11183,
9986,
10151,
10723,
11205,
12352,
10373,
10841,
10905,
9906,
10954,
11465,
10506,
10197,
11836,
10045,
9887,
10870,
11404,
12321,
10928,
10554,
11706,
9981,
11305,
11677,
10548,
11254,
11555,
11446,
9783,
11118,
12386,
11388,
11733,
10736,
11002,
10871,
10344,
11473,
9966,
11732,
11487,
9872,
11616,
10823,
10616,
12507,
11610,
11730,
10991,
10657,
9770,
11453,
10579,
10342,
9767,
11160,
10832,
11459,
11561,
9824,
12270,
11565,
12063,
11306,
11647,
11060,
10551,
10288,
10764,
10119,
12260,
12464,
10623,
11246,
10801,
11211,
9773,
11731,
11433,
11311,
11144,
10918,
10940,
11665,
11773,
11081,
10560,
10813,
10441,
10550,
12485,
10454,
10592,
10956,
9799,
10834,
10625,
11225,
10701,
10785,
12394,
11467,
10384,
10897,
11434,
11153,
12035,
10335,
11613,
10603,
11335,
10240,
9930,
10507,
10508,
10760,
10949,
11976,
10912,
12193,
12053,
11058,
11534,
10066,
11556,
11741,
11038,
11156,
12369,
10326,
10196,
11495,
11231,
9814,
11401,
10104,
10399,
10615,
12275,
10624,
10544,
11707,
10628,
10833,
10698,
10188,
10495,
11463,
11414,
10422,
9918,
11581,
10861,
12007,
11757,
10564,
11450,
10631,
11412,
11410,
11736,
10898,
10444,
10718,
11587,
10120,
10611,
9828,
10955,
9764,
9962,
9808,
10591,
11811,
11154,
10633,
11497,
11290,
11369,
9989,
9944,
11102,
11575,
9855,
10381,
11715,
11011,
9879,
11669,
10512,
9750,
11062,
10630,
10936,
10763,
11256,
10965,
12122,
11028,
10731,
11536,
10570,
10840,
12087,
12289,
11336,
10487,
10996,
10526,
11157,
10370,
10613,
11197,
11338,
11200,
10601,
12115,
10851,
11440,
11441,
10549,
11149,
10850,
11516,
11006,
10111,
11030,
10981,
11303,
11602,
10556,
10921,
11301,
11503,
11712,
10830,
11262,
10406,
10491,
9961,
11631,
10900,
10499,
10722,
10407,
10568,
10725,
10445,
11133,
10465,
11387,
10888,
10086,
11298,
10365,
10458,
11422,
11511,
10332,
9967,
9943,
10600,
11833,
11690,
9784,
10358,
11692,
12103,
10617,
10680,
9891,
11247,
12109,
10006,
11372,
11389,
11114,
12323,
10313,
10108,
12169,
11026,
10287,
11662,
10362,
11430,
11642,
9975,
9772,
11189,
11383,
11971,
11499,
11322,
9945,
11406,
12089,
9894,
11667,
10584,
11363,
9854,
10791,
11637,
9802,
11044,
11312,
9888,
11583,
9992,
11890,
10264,
11097,
11284,
10836,
11068,
11325,
10372,
10881,
9940,
12002,
10200,
11600,
11125,
9841,
11991,
12012,
9797,
10586,
11760,
9871,
11468,
10446,
10774,
11390,
10206,
10520,
11344,
11570,
10930,
11436,
10741,
11029,
10662,
11611,
11507,
10350,
10842,
10149,
11429,
10803,
12078,
9786,
10746,
10400,
10948,
12449,
10740,
9869,
12463,
11512,
11975,
11083,
11082,
10419,
10504,
9877,
10821,
10983,
10283,
10462,
10664,
10282,
10798,
11824,
11342,
11116,
10971,
10974,
10379,
10583,
10901,
11272,
10367,
11351,
11916,
10975,
10606,
9923,
11484,
10442,
11743,
11328,
11352,
11718,
10316,
12140,
11308,
11993,
10075,
10448,
10511,
11148,
10545,
10890,
12112,
10252,
10993,
9985,
10320,
10415,
11292,
11515,
11538,
10784,
10251,
11199,
11424,
11682,
10598,
10547,
11553,
11846,
10910,
11408,
9829,
10629,
10198,
10236,
11310,
10958,
10697,
11036,
10849,
10770,
10389,
11110,
11640,
11043,
11531,
11524,
11112,
10451,
11695,
11003,
11759,
10348,
11562,
10733,
11375,
11064,
11113,
11179,
10187,
10637,
11546,
10903,
9754,
10447,
11052,
10605,
10938,
10360,
11547,
10289,
11628,
11490,
11603,
10639,
11466,
10951,
11265,
11213,
10418,
11589,
11050,
11740,
11152,
11177,
10217,
9832,
11166,
9897,
10950,
10750,
10964,
11432,
11171,
11186,
10427,
9951,
10279,
11549,
10779,
10846,
10574,
11358,
11650,
10439,
10826,
12256,
10414,
10864,
12282,
10759,
11591,
12191,
10220,
11159,
9807,
10124,
11883,
11008,
11517,
11126,
9809,
11456,
12218,
9936,
10524,
11251,
10944,
10496,
9942,
9837,
10274,
11469,
10894,
9845,
10882,
10883,
9913,
10808,
11606,
11072,
12217,
10626,
9905,
12285,
10452,
11090,
10516,
10902,
10889,
10490,
11493,
10737,
9752,
11502,
11355,
9776,
10650,
11244,
10720,
11192,
11016,
11852,
9810,
12085,
10253,
10704,
11960,
11635,
11775,
9853,
9803,
11218,
10528,
9980,
11098,
12080,
10233,
11619,
10712,
9997,
10262,
10533,
10325,
11461,
11990,
10153,
11204,
11877,
11046,
9823,
10783,
11418,
11481,
12132,
11365,
10825,
11535,
11946,
10536,
11886,
10308,
11101,
12493,
12452,
11618,
11552,
11464,
11559,
10714,
10892,
10497,
11054,
11237,
10221,
11698,
11518,
11324,
11560,
10535,
10058,
12330,
11557,
10917,
11191,
11801,
12216,
12219,
11416,
10553,
10844,
10284,
9900,
10768,
10563,
11226,
10530,
11155,
11293,
9775,
11537,
11129,
9991,
11236,
11326,
11747,
11840,
11173,
10729,
11382,
11989,
11627,
11435,
11588,
10961,
12235,
9766,
11474,
11007,
12016,
10945,
12197,
11571,
11273,
10654,
11065,
11766,
10398,
10966,
10769,
10576,
10926,
11854,
11540,
10800,
11235,
10343,
12003,
11233,
11584,
12379,
11121,
11953,
11405,
9977,
11918,
11892,
11821,
11023,
10385,
9998,
10333,
11360,
10753,
11599,
11659,
10799,
11367,
10489,
11755,
10225,
11040,
11386,
10543,
10668,
10976,
11268,
10806,
12354,
11655,
10853,
11277,
9954,
9932,
10857,
10359,
11574,
10781,
12229,
11644,
11350,
10503,
12405,
10709,
10456,
10734,
10778,
10382,
12039,
12055,
11115,
9924,
12158,
10829,
9820,
10494,
11554,
10232,
10428,
11185,
10822,
10403,
11804,
11385,
9993,
10460,
12478,
11767,
10450,
10538,
11215,
9955,
10810,
9844,
10375,
11721,
10190,
11614,
10561,
10880,
10644,
11034,
11253,
10610,
12281,
10571,
10874,
11661,
11694,
11107,
10708,
11195,
9800,
11454,
9788,
11997,
10776,
10484,
9825,
10327,
11252,
11001,
11666,
11223,
10572,
10250,
12026,
10979,
10802,
12443,
11087,
10129,
10868,
10999,
12184,
11744,
10816,
10980,
10854,
10992,
10911,
11576,
11315,
11327,
10468,
9817,
11944,
12250,
11261,
11716,
12496,
11232,
11663,
10299,
11278,
10349,
9771,
11330,
10651,
10997,
10429,
11042,
12097,
11242,
10552,
10247,
11420,
10542,
10285,
11067,
10498,
10765,
11395,
11180,
11787,
10410,
10653,
10995,
11075,
9911,
11331,
11045,
11579,
10705,
10237,
11764,
10353,
10789,
11593,
10569,
11039,
11241,
10786,
11103,
11012,
10346,
10525,
10509,
11145,
11544,
10203,
11875,
12199,
10839,
12177,
9843,
11207,
10593,
9811,
10985,
12067,
10582,
10649,
10914,
10420,
11106,
9979,
11639,
10002,
10202,
11093,
10514,
10245,
11380,
11479,
11108,
11013,
10984,
11532,
10656,
9901,
10641,
9922,
11070,
10277,
11781,
11641,
11510,
10222,
9938,
11135,
11714,
11291,
9920,
11646,
10743,
11738,
11071,
11227,
9839,
11489,
10788,
10896,
10122,
9880,
11508,
10782,
11548,
11911,
10634,
10216,
10121,
10258,
10341,
11439,
11304,
9929,
10947,
9965,
11728,
11337,
11700,
10476,
12102,
10933,
11526,
10390,
10455,
11585,
11636,
9917,
11168,
11726,
10322,
12022,
10879,
10773,
10887,
12215,
11678,
11724,
11147,
10693,
12252,
11604,
11872,
11735,
11073,
10531,
10388,
11689,
10555,
9755,
11348,
10449,
10998,
11447,
11841,
10354,
10314,
9910,
10895,
11437,
9956,
10814,
10345,
10978,
10413,
9995,
11705,
10994,
10904,
10393,
11109,
9748,
10244,
11239,
10620,
11754,
10475,
12293,
11345,
10859,
10016,
10923,
11317,
9916,
10638,
9818,
11675,
11187,
10596,
11948,
11131,
10298,
10660,
11653,
11542,
10707,
11230,
12094,
10717,
12010,
9751,
10566,
10023,
10227,
10858,
9849,
10683,
11605,
10505,
11745,
11137,
10866,
9835,
11377,
11685,
10726,
10969,
11753,
11449,
10235,
12167,
9928,
10908,
11381,
11756,
10482,
12017,
11005,
9903,
11208,
10369,
10589,
11393,
10522,
12133,
10700,
11018,
10242,
11609,
9902,
9838,
11319,
9950,
11455,
11525,
10585,
10790,
11181,
10218,
11269,
9933,
11777,
10795,
10838,
11035,
9804,
9892,
10234,
10843,
10962,
11257,
11945,
10423,
11687,
9813,
11049,
10562,
10744,
10205,
11530,
10226,
11300,
10952,
9990,
10967,
11452,
12086,
11409,
11566,
9833,
10319,
11577,
10479,
12488,
11276,
11648,
11601,
9846,
10269,
11569,
10804,
9999,
11710,
11620,
11015,
9935,
10424,
11240,
12391,
9830,
11151,
11397,
11136,
10893,
11761,
10436,
10567,
11834,
11851,
10263,
11930,
11491,
10238,
9831,
10580,
9753,
11529,
10466,
12432,
11170,
12044,
10352,
11417,
11091,
11255,
11413,
9798,
10643,
11288,
11478,
9779,
9842,
11643,
10337,
11625,
10278,
10655,
9949,
11472,
10318,
11037,
11341,
12333,
9805,
11356,
11500,
10323,
11621,
11366,
11737,
10416,
11124,
11674,
10875,
11141,
11172,
11201,
10474,
9957,
11209,
10204,
10378,
9948,
10488,
9781,
11630,
11142,
9988,
11128,
11219,
11725,
12059,
10523,
12273,
10988,
10640,
11228,
10919,
11394,
10972,
10417,
12295,
9994,
10324,
10780,
10818,
10869,
12175,
9757,
10557,
11831,
9876,
9874,
10946,
11349,
12034,
11697,
10000,
12419,
11343,
9816,
10751,
11498,
10792,
11983,
10539,
11693,
9762,
10573,
11794,
10659,
11638,
11494,
11134,
11719,
10713,
10959,
10819,
12504,
10787,
11521,
11407,
10281,
9958,
10845,
12272,
10411,
10464,
11873,
11238,
9939,
9774,
10812,
11492,
9960,
10239,
11431,
11294,
11077,
10622,
11550,
11167,
10223,
11670,
10590,
11651,
11321,
11041,
10607,
11340,
11085,
9768,
10757,
11934,
11415,
11681,
11426,
10652,
11334,
10513,
9953,
11260,
10380,
10515,
11471,
11652,
11021,
10500,
11709,
11188,
11919,
11307,
10738,
11443,
10721,
10732,
11250,
11178,
10913,
11664,
10989,
10470,
10990,
9895,
11163,
9931,
11212,
11371,
10742,
11915,
10935,
10376,
11048,
11428,
9919,
10347,
10558,
10621,
9826,
11657,
10702,
11033,
9749,
10719,
10169,
10534,
10003,
9973,
11259,
10339,
9914,
9852,
11266,
9921,
9970,
9968,
10856,
12387,
11123,
9898,
10435,
12350,
10421,
10703,
10968,
9907,
10907,
11513,
9785,
10363,
11595,
10231,
9946,
10927,
11729,
11378,
11696,
12024,
10748,
9782,
11354,
11751,
10461,
12276,
10228,
10645,
11612,
10438,
10481,
10315,
11094,
10578,
10311,
11522,
11477,
9904,
10953,
11210,
10815,
11286,
10758,
9806,
11139,
11275,
11551,
10336,
11080,
10730,
10761,
12500,
11224,
9941,
9847,
10595,
10627,
11287,
11713,
11483,
11245,
11221,
10862,
10929,
10876,
11138,